  9.9969247727123556e-01  1.4943014656734643e-01  6.2273289802219134e-01  4.0383363980004827e-01  1.7131901179558007e-01  -3.3445290802632904e-01  3.0592108078355357e-01  -6.6833364198190515e-01  3.7626142801050699e-01  -7.4284800746036739e-01
  -8.7832680064435231e-01  1.2049223715771983e-01  1.1117538707172061e+00  4.4968789035858925e-01  9.3737143389125643e-01  -5.0191229197454745e-01  -5.6387051700280716e-02  -2.2201328774375412e-01  3.0869257878674217e-01  -7.1146117315789292e-02
  3.4591292809892216e-01  -5.0774139563678800e-01  2.7320353249208335e-01  -6.9732130850166973e-01  -5.3565465268182000e-01  1.1989115569234887e-01  9.9156799099329965e-02  2.4497104400598177e-01  6.6504288077813212e-01  8.3896636337642794e-01
  1.3949615572834412e-01  1.3674188125000750e-01  -1.1279135068173407e+00  1.0043939759827123e+00  1.4491594839114727e-01  5.2139124570913198e-01  5.5777098533313652e-01  -2.8672847007966695e-01  6.9308848006323376e-01  4.5567637818196727e-01
  -8.5114729849522908e-01  6.9321119934759245e-01  -4.0305952423866670e-01  -3.9557219950347089e-01  7.1409907848520193e-02  5.3492005967054490e-01  9.4816024511385844e-01  9.8575968778332101e-01  3.9886127353670864e-01  -2.4407489001957261e-01
  -9.8840895078664531e-02  2.3273018301039450e-01  4.1981283976658756e-01  1.5051972511766920e-01  -1.5382749820346029e+00  -4.5569004138521901e-01  -3.3566362557094176e-01  -7.7554116563458120e-02  -4.4992407179341759e-01  6.6633217114906051e-01
  1.3020144724428870e+00  6.0287630269072445e-01  8.3941722155683984e-01  -3.1855824658517551e-01  8.9032715108584826e-01  6.7630882948941573e-01  -9.9307858828281981e-01  -3.8827032845185738e-01  4.0080810936836408e-01  -3.1562559497881926e-01
  1.3079622628440337e+00  -5.0312286622327687e-02  -6.8826928630324002e-01  7.5238737420180490e-01  -7.6791978353110912e-01  -6.0488332336263395e-01  -5.4057382825059064e-01  1.0289876248965786e+00  4.6398188396315798e-01  6.4438685545450025e-01
  -2.3522935597725511e-01  3.6801088060444376e-01  -9.1796198111538618e-01  1.1699213390369528e-01  4.8170126893576559e-01  -6.0340202208441707e-01  -3.8981213143989735e-01  -4.9196405674495097e-01  9.5311409548056258e-01  -2.0223770117922671e-01
  -1.5402909066546880e-01  -6.6359836333205957e-01  6.2848892543274348e-01  -1.2937412980684460e-01  -8.9654694061106410e-01  1.7323452841579940e+00  -8.8390154400806897e-01  5.6901643100315491e-01  2.0828206515990480e-01  -6.0430146725087841e-01
