  -2.0431012155071993e+00  -6.3173632635765697e-01  1.1677527427002699e+00  1.9009105602078287e+00  2.0842526763249207e+00  -7.4784933590239866e-01  2.1433931413099461e+00  1.1590937108282804e+00  1.2278944900234321e+00  -1.1183705204850913e+00
  1.3280204274094198e+00  2.9950545840236797e-01  1.8223029819086833e-01  1.4864658487620330e+00  7.5224650438063523e-01  -2.5277327902444098e+00  3.5578955814785995e-01  -1.0555110386991535e+00  4.7227913943525157e-01  1.3423491312151228e+00
  1.0908143242105552e+00  4.0606445605966146e-01  1.8548177490249074e+00  -8.3137240212725372e-01  -6.2138496142937505e-01  1.3211234904921518e-01  1.1351708928379982e+00  4.7754521860597782e-01  9.2550584460938190e-01  4.9797795628805480e-01
  1.4229736296092776e-01  -2.1450224492777092e-01  9.9927075230932072e-01  -1.2900733473152410e+00  -2.1242139997908338e-01  8.9266700212029326e-01  1.4366802871697675e+00  -4.8097392666482686e-01  6.8474884457331608e-01  7.2102571512880631e-01
  -1.1590335016476200e-01  9.3553951802787239e-01  1.7920415908388947e+00  -1.1670036631415839e+00  1.9500780802259582e-01  -4.6145093328755027e-01  -6.5903372914423053e-01  -6.8363317219058695e-03  7.8647169510514592e-01  9.6391622353649675e-02
  3.2156416855234304e-01  3.8346043628116006e-01  1.8797469522995212e+00  -3.7161722950477483e-01  -1.2327308849275078e+00  2.5119814613949870e-01  1.8018746604162579e+00  -5.0113209077386112e-01  -8.7308039314923080e-01  5.6198397730671579e-01
  -1.8733718147751512e+00  -2.1172573234857048e+00  1.3534292983573455e+00  -1.9298314152771923e-01  -9.6837055177980536e-01  -1.1769083585722642e+00  -2.0801571462866777e+00  3.5985659128203284e-02  -6.3122705971145621e-01  -1.9521752753713151e-02
  -1.4168166613962720e+00  -5.9310516369009203e-01  7.8997132316645402e-01  6.9528997337552756e-01  -1.3983322867846870e+00  1.7022795287659709e-02  2.8229111332676382e-01  1.0059008052626273e+00  -7.1786593813916033e-01  1.3628543574169061e+00
  4.1902131667276943e-01  -1.5647490200010754e+00  1.7528001261847961e+00  1.3103742150997142e+00  3.8565624021791067e-01  1.7886429529394694e+00  -1.1906825581011622e+00  -1.6041754656506271e+00  3.9830148026698065e-01  1.3045092407148690e-01
  1.5607133698717246e-02  -9.3771716017377638e-01  -2.3463133799822983e-01  -8.3943683386521251e-02  -4.1784291047375921e-01  1.0682518558475618e+00  2.4089494777376788e-01  -2.8280095502227325e+00  1.5584876594890744e+00  -1.2785348810858195e+00
