  -1.4750691585532323e+00  -5.7452050051151227e-01  -5.6997724385949577e-03  6.6482107301574289e-01  -1.0416345980612560e-01  -8.9788552979571112e-01  -9.0199420454145196e-01  -6.0653241000906610e-01  -4.0632511724712278e-01  1.5528244331830426e-01
  5.5921502450956717e-01  4.9936627954080187e-02  4.2157151100014312e-01  8.6580267039007053e-01  6.9479044622591923e-01  -1.8507116388982225e-01  -2.2188704511750743e-02  -6.4921887265205702e-01  7.3560917148549260e-02  -7.9611763051254547e-01
  6.3529989820370791e-01  5.9435040596606969e-01  1.1032538789648021e+00  -1.1285189770235082e+00  7.0464944307516508e-01  2.7557574867434947e-01  -1.0399669162892367e+00  1.1685698852943777e-01  -3.2902335058747467e-01  7.7900364195891192e-02
  -3.5941283248531275e-01  3.7082704554158386e-01  -5.2710464834437620e-01  -2.6665593788738984e-01  -5.1419771941258441e-01  5.8211940016856478e-01  -4.7299261268575435e-02  -4.6312553098784154e-01  -1.0196330326631606e-01  -9.5226394577923934e-01
  -5.8397201208891392e-01  1.7714876607340784e+00  1.3650083503154053e-02  3.2122256204025967e-01  7.9042812140269747e-01  4.0939238669719730e-01  3.3744753474799605e-01  5.9421281501181533e-01  -1.5480530100758425e-01  -5.2376858255086889e-01
  -1.7838596502167076e-01  2.4992500534286521e-01  -1.7316389205861768e-01  -5.0365580840147084e-03  -1.7668981043919074e-01  2.8238695600595398e-01  -1.0946510657454087e+00  4.5147932173029537e-01  1.0574055589046905e+00  -7.4876994077884285e-03
  -5.9132430680078540e-01  -2.7049755413083576e-01  -3.1303893189795340e-01  6.3763039134292554e-01  1.2741644739500224e+00  7.8112122882274382e-01  1.8207116126252970e-01  -5.5285065507717723e-02  2.7980292347560093e-01  5.5727088016825216e-02
  -2.0277428932485703e-01  1.0079304172848664e+00  1.4373188120379410e-02  1.4803052734314798e-01  4.5096233182274637e-01  -5.8225930309422724e-01  4.5211599023795601e-01  -8.7080362529411359e-01  4.3575309322262351e-01  3.6516933990253209e-01
  -9.0266895694705018e-01  1.7486172336358063e-01  -2.7450550855066735e-01  -3.6615473999047482e-01  6.0323482529878769e-01  -7.6235454552624504e-01  9.1978630434441011e-01  -6.7399618181746945e-02  5.3299603685121977e-01  -9.4985707416451859e-01
  3.8090137279219871e-01  8.2704718059628013e-01  -9.2975981916699046e-01  -5.7094242180887511e-01  1.0158877843868521e+00  -3.9993664335293944e-01  -7.4071738047232349e-01  4.0730997988162376e-01  -3.7080888908287463e-01  -1.9351407082961800e-01
